a b weight
0 0 0
0 1 0
0 2 0
0 3 0
0 4 0
0 5 0
0 6 0
0 7 0
0 8 0
0 9 0
0 10 2
0 11 2
0 12 1
0 13 6
0 14 6
0 15 4
0 16 4
0 17 4
0 18 4
0 19 6
0 20 12
0 21 12
0 22 14
0 23 18
0 24 22
0 25 24
0 26 18
0 27 24
0 28 19
0 29 22
0 30 22
0 31 30
0 32 32
0 33 30
0 34 34
0 35 28
0 36 23
0 37 30
0 38 32
0 39 26
1 0 0
1 1 0
1 2 0
1 3 0
1 4 0
1 5 0
1 6 0
1 7 0
1 8 2
1 9 2
1 10 2
1 11 2
1 12 2
1 13 6
1 14 3
1 15 6
1 16 8
1 17 6
1 18 3
1 19 6
1 20 12
1 21 10
1 22 14
1 23 14
1 24 18
1 25 20
1 26 18
1 27 16
1 28 20
1 29 30
1 30 31
1 31 26
1 32 34
1 33 40
1 34 49
1 35 41
1 36 42
1 37 42
1 38 42
1 39 42
2 0 0
2 1 0
2 2 0
2 3 0
2 4 0
2 5 0
2 6 0
2 7 0
2 8 2
2 9 2
2 10 2
2 11 2
2 12 2
2 13 6
2 14 6
2 15 8
2 16 8
2 17 6
2 18 2
2 19 8
2 20 10
2 21 16
2 22 19
2 23 24
2 24 24
2 25 21
2 26 20
2 27 10
2 28 16
2 29 26
2 30 34
2 31 28
2 32 46
2 33 54
2 34 48
2 35 51
2 36 54
2 37 49
2 38 51
2 39 48
3 0 0
3 1 0
3 2 0
3 3 0
3 4 0
3 5 0
3 6 0
3 7 0
3 8 0
3 9 2
3 10 2
3 11 2
3 12 4
3 13 6
3 14 4
3 15 6
3 16 2
3 17 2
3 18 4
3 19 8
3 20 6
3 21 16
3 22 16
3 23 22
3 24 21
3 25 20
3 26 14
3 27 14
3 28 16
3 29 20
3 30 36
3 31 41
3 32 46
3 33 56
3 34 65
3 35 72
3 36 65
3 37 66
3 38 71
3 39 54
4 0 0
4 1 0
4 2 0
4 3 0
4 4 0
4 5 0
4 6 0
4 7 0
4 8 0
4 9 2
4 10 2
4 11 2
4 12 2
4 13 4
4 14 2
4 15 2
4 16 2
4 17 4
4 18 6
4 19 8
4 20 10
4 21 16
4 22 14
4 23 18
4 24 19
4 25 19
4 26 12
4 27 16
4 28 12
4 29 24
4 30 36
4 31 36
4 32 42
4 33 62
4 34 71
4 35 88
4 36 89
4 37 76
4 38 68
4 39 57
5 0 0
5 1 0
5 2 0
5 3 0
5 4 0
5 5 0
5 6 0
5 7 0
5 8 0
5 9 0
5 10 0
5 11 0
5 12 2
5 13 4
5 14 2
5 15 2
5 16 4
5 17 6
5 18 6
5 19 4
5 20 4
5 21 8
5 22 10
5 23 20
5 24 24
5 25 22
5 26 16
5 27 16
5 28 19
5 29 27
5 30 32
5 31 28
5 32 40
5 33 59
5 34 56
5 35 87
5 36 81
5 37 83
5 38 70
5 39 52
6 0 0
6 1 0
6 2 0
6 3 0
6 4 0
6 5 0
6 6 0
6 7 0
6 8 0
6 9 0
6 10 0
6 11 2
6 12 2
6 13 4
6 14 2
6 15 2
6 16 4
6 17 6
6 18 4
6 19 2
6 20 8
6 21 10
6 22 10
6 23 14
6 24 16
6 25 14
6 26 14
6 27 20
6 28 16
6 29 16
6 30 24
6 31 28
6 32 40
6 33 42
6 34 47
6 35 64
6 36 70
6 37 67
6 38 51
6 39 43
7 0 0
7 1 0
7 2 0
7 3 0
7 4 0
7 5 0
7 6 0
7 7 0
7 8 0
7 9 0
7 10 0
7 11 2
7 12 4
7 13 4
7 14 2
7 15 2
7 16 2
7 17 4
7 18 4
7 19 4
7 20 6
7 21 6
7 22 6
7 23 12
7 24 12
7 25 8
7 26 9
7 27 18
7 28 12
7 29 18
7 30 16
7 31 22
7 32 34
7 33 30
7 34 56
7 35 64
7 36 60
7 37 52
7 38 50
7 39 41
8 0 0
8 1 0
8 2 0
8 3 0
8 4 0
8 5 0
8 6 0
8 7 0
8 8 0
8 9 0
8 10 0
8 11 0
8 12 4
8 13 2
8 14 2
8 15 4
8 16 6
8 17 4
8 18 4
8 19 4
8 20 4
8 21 8
8 22 10
8 23 16
8 24 18
8 25 16
8 26 14
8 27 12
8 28 8
8 29 14
8 30 8
8 31 18
8 32 27
8 33 28
8 34 45
8 35 44
8 36 39
8 37 45
8 38 48
8 39 35
9 0 2
9 1 2
9 2 2
9 3 0
9 4 0
9 5 0
9 6 0
9 7 0
9 8 2
9 9 2
9 10 2
9 11 4
9 12 4
9 13 4
9 14 4
9 15 4
9 16 6
9 17 6
9 18 5
9 19 4
9 20 8
9 21 8
9 22 4
9 23 4
9 24 12
9 25 14
9 26 9
9 27 12
9 28 10
9 29 10
9 30 12
9 31 18
9 32 24
9 33 28
9 34 33
9 35 36
9 36 32
9 37 40
9 38 42
9 39 35
10 0 2
10 1 2
10 2 2
10 3 2
10 4 0
10 5 0
10 6 0
10 7 0
10 8 2
10 9 0
10 10 0
10 11 4
10 12 0
10 13 4
10 14 4
10 15 4
10 16 2
10 17 4
10 18 4
10 19 4
10 20 8
10 21 8
10 22 4
10 23 6
10 24 10
10 25 12
10 26 12
10 27 12
10 28 8
10 29 12
10 30 14
10 31 20
10 32 26
10 33 32
10 34 34
10 35 30
10 36 26
10 37 36
10 38 31
10 39 28
11 0 2
11 1 2
11 2 1
11 3 2
11 4 0
11 5 0
11 6 0
11 7 2
11 8 2
11 9 0
11 10 0
11 11 4
11 12 2
11 13 4
11 14 4
11 15 6
11 16 4
11 17 2
11 18 4
11 19 4
11 20 6
11 21 8
11 22 2
11 23 2
11 24 4
11 25 6
11 26 8
11 27 10
11 28 14
11 29 17
11 30 14
11 31 16
11 32 20
11 33 30
11 34 32
11 35 34
11 36 24
11 37 30
11 38 28
11 39 30
12 0 2
12 1 0
12 2 2
12 3 4
12 4 4
12 5 4
12 6 2
12 7 2
12 8 0
12 9 0
12 10 2
12 11 4
12 12 2
12 13 2
12 14 2
12 15 4
12 16 4
12 17 4
12 18 6
12 19 4
12 20 4
12 21 2
12 22 2
12 23 2
12 24 8
12 25 8
12 26 5
12 27 6
12 28 9
12 29 12
12 30 12
12 31 12
12 32 16
12 33 22
12 34 20
12 35 26
12 36 24
12 37 29
12 38 27
12 39 28
13 0 2
13 1 0
13 2 0
13 3 2
13 4 3
13 5 4
13 6 4
13 7 2
13 8 2
13 9 2
13 10 2
13 11 4
13 12 2
13 13 2
13 14 2
13 15 2
13 16 4
13 17 4
13 18 4
13 19 2
13 20 4
13 21 6
13 22 4
13 23 2
13 24 4
13 25 8
13 26 8
13 27 6
13 28 8
13 29 14
13 30 10
13 31 14
13 32 18
13 33 19
13 34 16
13 35 19
13 36 20
13 37 21
13 38 24
13 39 22
14 0 2
14 1 2
14 2 4
14 3 4
14 4 4
14 5 2
14 6 4
14 7 4
14 8 2
14 9 2
14 10 2
14 11 4
14 12 2
14 13 2
14 14 2
14 15 4
14 16 8
14 17 8
14 18 6
14 19 4
14 20 2
14 21 4
14 22 2
14 23 0
14 24 4
14 25 3
14 26 2
14 27 2
14 28 6
14 29 8
14 30 6
14 31 10
14 32 16
14 33 20
14 34 14
14 35 20
14 36 18
14 37 18
14 38 22
14 39 20
15 0 0
15 1 0
15 2 2
15 3 2
15 4 2
15 5 0
15 6 0
15 7 2
15 8 2
15 9 2
15 10 0
15 11 4
15 12 1
15 13 2
15 14 2
15 15 2
15 16 4
15 17 6
15 18 6
15 19 6
15 20 4
15 21 2
15 22 2
15 23 2
15 24 4
15 25 6
15 26 4
15 27 2
15 28 6
15 29 8
15 30 8
15 31 8
15 32 8
15 33 12
15 34 14
15 35 20
15 36 17
15 37 20
15 38 19
15 39 18
16 0 0
16 1 0
16 2 2
16 3 2
16 4 0
16 5 0
16 6 0
16 7 2
16 8 0
16 9 2
16 10 2
16 11 4
16 12 2
16 13 0
16 14 2
16 15 0
16 16 2
16 17 4
16 18 4
16 19 4
16 20 2
16 21 0
16 22 2
16 23 4
16 24 4
16 25 6
16 26 3
16 27 6
16 28 6
16 29 6
16 30 2
16 31 0
16 32 4
16 33 7
16 34 12
16 35 8
16 36 12
16 37 16
16 38 12
16 39 14
17 0 0
17 1 0
17 2 0
17 3 0
17 4 0
17 5 0
17 6 0
17 7 2
17 8 2
17 9 0
17 10 2
17 11 2
17 12 2
17 13 0
17 14 2
17 15 0
17 16 0
17 17 2
17 18 2
17 19 2
17 20 2
17 21 2
17 22 4
17 23 4
17 24 2
17 25 6
17 26 2
17 27 6
17 28 4
17 29 0
17 30 0
17 31 2
17 32 4
17 33 8
17 34 9
17 35 4
17 36 10
17 37 12
17 38 12
17 39 8
18 0 0
18 1 0
18 2 0
18 3 0
18 4 0
18 5 0
18 6 0
18 7 0
18 8 2
18 9 0
18 10 0
18 11 0
18 12 4
18 13 4
18 14 4
18 15 2
18 16 2
18 17 0
18 18 2
18 19 2
18 20 0
18 21 2
18 22 4
18 23 2
18 24 0
18 25 4
18 26 2
18 27 0
18 28 2
18 29 2
18 30 2
18 31 2
18 32 2
18 33 6
18 34 6
18 35 4
18 36 8
18 37 8
18 38 6
18 39 2
19 0 0
19 1 0
19 2 0
19 3 0
19 4 0
19 5 0
19 6 0
19 7 0
19 8 2
19 9 2
19 10 2
19 11 2
19 12 2
19 13 4
19 14 4
19 15 2
19 16 2
19 17 2
19 18 2
19 19 0
19 20 0
19 21 2
19 22 4
19 23 2
19 24 2
19 25 2
19 26 0
19 27 0
19 28 2
19 29 2
19 30 2
19 31 2
19 32 2
19 33 4
19 34 6
19 35 0
19 36 2
19 37 0
19 38 4
19 39 4
20 0 0
20 1 0
20 2 0
20 3 0
20 4 0
20 5 0
20 6 0
20 7 0
20 8 2
20 9 2
20 10 2
20 11 2
20 12 2
20 13 2
20 14 2
20 15 2
20 16 2
20 17 2
20 18 0
20 19 0
20 20 0
20 21 0
20 22 0
20 23 0
20 24 0
20 25 0
20 26 0
20 27 0
20 28 2
20 29 0
20 30 0
20 31 2
20 32 2
20 33 2
20 34 4
20 35 0
20 36 4
20 37 6
20 38 6
20 39 4
21 0 0
21 1 0
21 2 0
21 3 0
21 4 0
21 5 0
21 6 0
21 7 0
21 8 0
21 9 0
21 10 2
21 11 2
21 12 2
21 13 0
21 14 2
21 15 2
21 16 2
21 17 2
21 18 2
21 19 2
21 20 2
21 21 0
21 22 0
21 23 0
21 24 0
21 25 0
21 26 0
21 27 2
21 28 2
21 29 0
21 30 0
21 31 2
21 32 2
21 33 0
21 34 2
21 35 2
21 36 4
21 37 4
21 38 1
21 39 2
22 0 0
22 1 0
22 2 0
22 3 0
22 4 0
22 5 0
22 6 0
22 7 0
22 8 0
22 9 0
22 10 0
22 11 0
22 12 0
22 13 0
22 14 0
22 15 0
22 16 2
22 17 2
22 18 2
22 19 2
22 20 2
22 21 0
22 22 0
22 23 0
22 24 0
22 25 0
22 26 0
22 27 2
22 28 2
22 29 2
22 30 2
22 31 2
22 32 2
22 33 0
22 34 2
22 35 2
22 36 2
22 37 2
22 38 4
22 39 4
23 0 0
23 1 0
23 2 0
23 3 0
23 4 0
23 5 0
23 6 0
23 7 0
23 8 0
23 9 0
23 10 0
23 11 0
23 12 0
23 13 0
23 14 0
23 15 0
23 16 0
23 17 2
23 18 2
23 19 2
23 20 2
23 21 0
23 22 0
23 23 0
23 24 0
23 25 0
23 26 0
23 27 0
23 28 0
23 29 0
23 30 0
23 31 0
23 32 0
23 33 0
23 34 2
23 35 0
23 36 2
23 37 2
23 38 2
23 39 2
24 0 0
24 1 0
24 2 0
24 3 0
24 4 0
24 5 0
24 6 0
24 7 0
24 8 0
24 9 0
24 10 0
24 11 0
24 12 0
24 13 0
24 14 0
24 15 0
24 16 0
24 17 0
24 18 0
24 19 0
24 20 0
24 21 0
24 22 0
24 23 0
24 24 0
24 25 0
24 26 0
24 27 0
24 28 0
24 29 0
24 30 0
24 31 0
24 32 0
24 33 0
24 34 2
24 35 2
24 36 4
24 37 4
24 38 4
24 39 4
25 0 0
25 1 0
25 2 0
25 3 0
25 4 0
25 5 0
25 6 0
25 7 0
25 8 0
25 9 0
25 10 0
25 11 0
25 12 0
25 13 0
25 14 0
25 15 0
25 16 0
25 17 0
25 18 0
25 19 0
25 20 0
25 21 0
25 22 0
25 23 0
25 24 0
25 25 0
25 26 0
25 27 0
25 28 0
25 29 0
25 30 0
25 31 0
25 32 0
25 33 0
25 34 2
25 35 2
25 36 2
25 37 2
25 38 2
25 39 2
26 0 0
26 1 0
26 2 0
26 3 0
26 4 0
26 5 0
26 6 0
26 7 0
26 8 0
26 9 0
26 10 0
26 11 0
26 12 0
26 13 0
26 14 0
26 15 0
26 16 0
26 17 0
26 18 0
26 19 0
26 20 0
26 21 0
26 22 0
26 23 0
26 24 0
26 25 0
26 26 0
26 27 0
26 28 0
26 29 0
26 30 0
26 31 0
26 32 0
26 33 0
26 34 2
26 35 2
26 36 2
26 37 2
26 38 2
26 39 2
27 0 0
27 1 0
27 2 0
27 3 0
27 4 0
27 5 0
27 6 0
27 7 0
27 8 0
27 9 0
27 10 0
27 11 0
27 12 0
27 13 0
27 14 0
27 15 0
27 16 0
27 17 0
27 18 0
27 19 0
27 20 0
27 21 0
27 22 0
27 23 0
27 24 0
27 25 0
27 26 0
27 27 0
27 28 0
27 29 0
27 30 0
27 31 0
27 32 0
27 33 2
27 34 2
27 35 2
27 36 4
27 37 4
27 38 4
27 39 2
28 0 0
28 1 0
28 2 0
28 3 0
28 4 0
28 5 0
28 6 0
28 7 0
28 8 0
28 9 0
28 10 0
28 11 0
28 12 0
28 13 0
28 14 0
28 15 0
28 16 0
28 17 0
28 18 0
28 19 0
28 20 0
28 21 0
28 22 0
28 23 0
28 24 0
28 25 0
28 26 0
28 27 0
28 28 0
28 29 0
28 30 0
28 31 0
28 32 0
28 33 2
28 34 2
28 35 2
28 36 4
28 37 3
28 38 4
28 39 2
29 0 0
29 1 0
29 2 0
29 3 0
29 4 0
29 5 0
29 6 0
29 7 0
29 8 0
29 9 0
29 10 0
29 11 0
29 12 0
29 13 0
29 14 0
29 15 0
29 16 0
29 17 0
29 18 0
29 19 0
29 20 0
29 21 0
29 22 0
29 23 0
29 24 0
29 25 0
29 26 0
29 27 0
29 28 0
29 29 0
29 30 0
29 31 0
29 32 0
29 33 0
29 34 2
29 35 2
29 36 4
29 37 4
29 38 2
29 39 2
30 0 0
30 1 0
30 2 0
30 3 0
30 4 0
30 5 0
30 6 0
30 7 0
30 8 0
30 9 0
30 10 0
30 11 0
30 12 0
30 13 0
30 14 0
30 15 0
30 16 0
30 17 0
30 18 0
30 19 0
30 20 0
30 21 0
30 22 0
30 23 0
30 24 0
30 25 0
30 26 0
30 27 0
30 28 0
30 29 0
30 30 0
30 31 0
30 32 0
30 33 0
30 34 0
30 35 0
30 36 0
30 37 2
30 38 2
30 39 2
31 0 0
31 1 0
31 2 0
31 3 0
31 4 0
31 5 0
31 6 0
31 7 0
31 8 0
31 9 0
31 10 0
31 11 0
31 12 0
31 13 0
31 14 0
31 15 0
31 16 0
31 17 0
31 18 0
31 19 0
31 20 0
31 21 0
31 22 0
31 23 0
31 24 0
31 25 0
31 26 0
31 27 0
31 28 0
31 29 0
31 30 0
31 31 0
31 32 0
31 33 0
31 34 0
31 35 0
31 36 0
31 37 2
31 38 2
31 39 2
32 0 0
32 1 0
32 2 0
32 3 0
32 4 0
32 5 0
32 6 0
32 7 0
32 8 0
32 9 0
32 10 0
32 11 0
32 12 0
32 13 0
32 14 0
32 15 0
32 16 0
32 17 0
32 18 0
32 19 0
32 20 0
32 21 0
32 22 0
32 23 0
32 24 0
32 25 0
32 26 0
32 27 0
32 28 0
32 29 0
32 30 0
32 31 0
32 32 0
32 33 0
32 34 0
32 35 0
32 36 0
32 37 0
32 38 2
32 39 2
33 0 0
33 1 0
33 2 0
33 3 0
33 4 0
33 5 0
33 6 0
33 7 0
33 8 0
33 9 0
33 10 0
33 11 0
33 12 0
33 13 0
33 14 0
33 15 0
33 16 0
33 17 0
33 18 0
33 19 0
33 20 0
33 21 0
33 22 0
33 23 0
33 24 0
33 25 0
33 26 0
33 27 0
33 28 0
33 29 0
33 30 0
33 31 0
33 32 0
33 33 0
33 34 0
33 35 0
33 36 0
33 37 0
33 38 2
33 39 2
34 0 0
34 1 0
34 2 0
34 3 0
34 4 0
34 5 0
34 6 0
34 7 0
34 8 0
34 9 0
34 10 0
34 11 0
34 12 0
34 13 0
34 14 0
34 15 0
34 16 0
34 17 0
34 18 0
34 19 0
34 20 0
34 21 0
34 22 0
34 23 0
34 24 0
34 25 0
34 26 0
34 27 0
34 28 0
34 29 0
34 30 0
34 31 0
34 32 0
34 33 0
34 34 0
34 35 0
34 36 0
34 37 0
34 38 2
34 39 2
35 0 0
35 1 0
35 2 0
35 3 0
35 4 0
35 5 0
35 6 0
35 7 0
35 8 0
35 9 0
35 10 0
35 11 0
35 12 0
35 13 0
35 14 0
35 15 0
35 16 0
35 17 0
35 18 0
35 19 0
35 20 0
35 21 0
35 22 0
35 23 0
35 24 0
35 25 0
35 26 0
35 27 0
35 28 0
35 29 0
35 30 0
35 31 0
35 32 0
35 33 0
35 34 0
35 35 0
35 36 0
35 37 0
35 38 2
35 39 2
36 0 0
36 1 0
36 2 0
36 3 0
36 4 0
36 5 0
36 6 0
36 7 0
36 8 0
36 9 0
36 10 0
36 11 0
36 12 0
36 13 0
36 14 0
36 15 0
36 16 0
36 17 0
36 18 0
36 19 0
36 20 0
36 21 0
36 22 0
36 23 0
36 24 0
36 25 0
36 26 0
36 27 0
36 28 0
36 29 0
36 30 0
36 31 0
36 32 0
36 33 0
36 34 0
36 35 0
36 36 0
36 37 0
36 38 0
36 39 0
37 0 0
37 1 0
37 2 0
37 3 0
37 4 0
37 5 0
37 6 0
37 7 0
37 8 0
37 9 0
37 10 0
37 11 0
37 12 0
37 13 0
37 14 0
37 15 0
37 16 0
37 17 0
37 18 0
37 19 0
37 20 0
37 21 0
37 22 0
37 23 0
37 24 0
37 25 0
37 26 0
37 27 0
37 28 0
37 29 0
37 30 0
37 31 0
37 32 0
37 33 0
37 34 0
37 35 0
37 36 0
37 37 0
37 38 0
37 39 0
38 0 0
38 1 0
38 2 0
38 3 0
38 4 0
38 5 0
38 6 0
38 7 0
38 8 0
38 9 0
38 10 0
38 11 0
38 12 0
38 13 0
38 14 0
38 15 0
38 16 0
38 17 0
38 18 0
38 19 0
38 20 0
38 21 0
38 22 0
38 23 0
38 24 0
38 25 0
38 26 0
38 27 0
38 28 0
38 29 0
38 30 0
38 31 0
38 32 0
38 33 0
38 34 0
38 35 0
38 36 0
38 37 0
38 38 0
38 39 0
39 0 0
39 1 0
39 2 0
39 3 0
39 4 0
39 5 0
39 6 0
39 7 0
39 8 0
39 9 0
39 10 0
39 11 0
39 12 0
39 13 0
39 14 0
39 15 0
39 16 0
39 17 0
39 18 0
39 19 0
39 20 0
39 21 0
39 22 0
39 23 0
39 24 0
39 25 0
39 26 0
39 27 0
39 28 0
39 29 0
39 30 0
39 31 0
39 32 0
39 33 0
39 34 0
39 35 0
39 36 0
39 37 0
39 38 0
39 39 0
